67.0
73.0
73.0
93.0
94.0
94.0
95.0
95.0
95.0
95.0
95.0
95.0
95.0
95.0
88.0
83.0
78.0
74.0
95.0
91.0
80.0
75.0
71.0
69.0
161.0
175.0
95.0
87.0
78.0
72.0
83.0
81.0
73.0
67.0
64.0
60.0
71.0
65.0
57.0
54.0
52.0
50.0
49.0
156.0
68.0
66.0
61.0
58.0
53.0
51.0
60.0
66.0
65.0
64.0
59.0
56.0
54.0
52.0
50.0
49.0
48.0
47.0
47.0
83.0
74.0
65.0
61.0
58.0
55.0
53.0
52.0
51.0
50.0
50.0
60.0
57.0
55.0
54.0
53.0
52.0
52.0
51.0
51.0
51.0
49.0
58.0
57.0
56.0
55.0
53.0
63.0
95.0
87.0
79.0
68.0
64.0
62.0
60.0
58.0
57.0
